Site	Plot	Treatment	Tag	Species	LeafPh_Mg	LeafPh_J16	LeafPh_M17g	LeafPh_S17g	LeafPh_M18g	LeafPh_S18g	RootfPh_Mg	RootPh_J16	RootPh_M17g	RootPh_S17g	RootPh_M18g	RootPh_S18g	LeafTa_Mg	LeafTa_J16	LeafTa_M17g	LeafTaS17g	LeafTa_M18g	LeafTa_S18g	RootTa_Mg	RootTa_J16	RootTa_M17g	RootTa_S17g	RootTa_M18g	RootTa_S18g	LeafSu_Mg	LeafSu_J16	LeafSu_M17g	LeafSu_S17g	LeafSu_M18g	LeafSu_S18g	RootSu_Mg	RootSu_J16	RootSu_M17g	RootSu_S17g	RootSu_M18g	RootSu_S18g	LeafSt_Mg	LeafSt_J	LeafSt_M17g	LeafSt_S17g	LeafSt_M18g	LeafSt_S18g	RootSt_Mg	RootSt_J16	RootSt_M17g	RootSt_S17g	RootSt_M18g	RootSt_S18g	LeafNSC_0g	LeafNSC_J	LeafNSC_M17g	LeafNSC_S17g	LeafNSC_M18g	LeafNSC_S18g	RootNSC_0g	RootNSC_J	RootNSC_M17g	RootNSC_S17g	RootNSC_M18g	RootNSC_S18g
Gamir	1	Control	1	Q. suber							98.52	45.47	163.24	257.33	164.96	212.43							13.32	2.37	7.94	45.24	10.32	8.102							50.69	9.32	17.12	11.16	9.48	10.767							7.07	20.6	3.07	24.57	28.47	21.551							57.76	29.91	20.19	35.73	37.96	32.32
Gamir	1	Control	2	Q. canariensis	46.33	133.86	155.92	171.9	252.52	197.02	122.63	73.69	171.77	250.99	244.01	196.652	17.82	53.97	49.13	24.02	55.23	45.341	6.01	2.79	4.16	24.77	6.05	1.287	125.68	127.07	137.16	58.83	64.9	61.177	41.94	13.34	11.69	16	11.16	10.436	16.27	66.1	11.72	18.52	33.43	30.413	5.44	15.69	1.19	33.43	18.47	42.362	141.94	193.17	148.88	77.35	98.33	91.59	47.38	29.03	12.88	49.44	29.63	52.8
Gamir	1	Control	3	Q. canariensis	55.24	99.24	124.92	234.55	201.66	153.764	109.93	69.18	106.37	302.67	251.8	208.966	26.64	33.96	35.72	50.36	22.77	21.131	6.51	14.46	1.4	7.22	29.95	1.847	130.27	118.32	139.34	58.87	68.66	58.176	48.25	12.9	15.26	13.77	12.3	10.096	18.7	62.66	11.7	15.72	50.02	70.866	5.09	13.65	1.57	29.5	23.39	18.376	148.97	180.97	151.04	74.6	118.68	129.04	53.34	26.56	16.84	43.27	35.69	28.47
Gamir	1	Control	4	Q. canariensis	40.97	67.51	101.27	233.44	246.58	190.309	88.48	33.76	105.81	266.86	287.6	235.688	12.32	33.48	22.02	64.69	94.9	42.708	3.08	0.57	0	33.55	5.22	1.237	148.42	98.43	150.28	68.31	70.26	55.598	41.81	14.67	15.35	19.56	8.61	10.583	15.77	50.86	4.95	48.09	36.25	33.9	6.1	16.09	4.13	27.16	33.34	17.778	164.19	149.3	155.24	116.4	106.51	89.5	47.91	30.76	19.48	46.72	41.96	28.36
Gamir	1	Control	6	Q. suber	49.14	74.85	114.19	243.52	192.39	160.868	124.23	69.13	131.75	257.97	253.31	243.243	15.16	0.59	39.19	27.2	18.88	27.215	15.27	3.96	3.24	11.23	21.35	5.135	184.21	106.22	188.81	57.26	87.14	59.773	44.05	14.41	11.84	15	7.61	12.307	16.42	57.32	19.05	18.71	46.6	45.926	5.2	18.58	2.99	31.57	18.18	16.328	200.64	163.54	207.86	75.97	133.74	105.7	49.25	32.98	14.83	46.57	25.79	28.64
Gamir	1	Control	7	Q. suber	59.25	92.13	140.06	196.18	154.18	118.289	110.56	67.18	202.43	225.88	143.85	225.109	16.82	0	30.44	13.49	10.92	18.607	6.18	10.93	7.05	11.92	21.08	11.53	168.05	112.81	211.14	64.25	95.49	83.499	37.86	10.45	13.9	12.79	9.87	7.395	16.75	81.18	5.88	15.57	36.46	31.423	3.87	14.32	2.87	23.71	32.6	21.789	184.8	193.99	217.02	79.82	131.95	114.92	41.72	24.77	16.77	36.5	42.47	29.18
Gamir	2	Control	8	Q. canariensis	34.59	51.26	73.34	158.71	148.18	166.828	134.91	79.55	103.92	268.26	196.16	214.408	6.94	17.59	14.96	34.39	22.14	39.709	25.24	13.3	7.05	42.62	27.67	16.159	145.38	110.98	128.95	62.22	52.73	44.5	38.12	11.07	7.4	7.88	6.76	7.941	29.36	58.18	6.4	37.11	41.39	35.444	3.16	11.01	2.06	16.08	27.47	13.126	174.74	169.16	135.35	99.33	94.12	79.94	41.27	22.08	9.46	23.97	34.23	21.07
Gamir	2	Control	9	Q. canariensis	45.37	63.83	156.87	292.38	188.06	173.205	88.29	63.52	97.03	294.99	159.97	187.562	5.98	23.12	40.13	117.5	38.22	45.534	4.05	1.3	0	36.23	5.36	2.598	176.77	103.29	121.69	50.12	66.58	43.921	39.71	15.28	16.5	12.05	9.94	4.681	30.64	56.99	2.91	32.87	44.74	34.397	5.07	11.74	2.26	26.79	29.07	20.956	207.41	160.28	124.59	82.99	111.33	78.32	44.78	27.02	18.76	38.84	39.01	25.64
Gamir	2	Control	10	Q. canariensis	24.1	58.73	167.5	198.08	114.88	240.029	71.68	53.22	136.47	141.98	183.99	147.781	6.1	28.84	35.95	47.82	19.13	36.209	2.48	0.26	0.63	12.06	7.3	0.26	127.07	98.88	106.9	41.92	54.89	39.679	31	13.5	12.94	7.88	11.29	9.357	28.24	58.57	12.14	14.37	55.13	29.701	4.12	14.65	3.16	20.35	41.78	26.879	155.31	157.46	119.04	56.29	110.02	69.38	35.12	28.14	16.1	28.22	53.07	36.24
Gamir	2	Control	11	Q. suber	99.21	35.81	149.36	329.68	257.19	196.853	97.08	43.17	131.62	204.3	193.12	209.105	65.37	0	53.36	91.01	50.82	38.157	17.85	2.31	10.76	41.29	27.19	19	151.48	98.39	181.33	52.8	59.77	44.684	31.57	8.26	9.28	9.03	6.12	8.338	25.37	68.97	28.56	22.75	53.55	76.607	6.05	13.03	2.41	25.16	17.26	13.2	176.85	167.37	209.89	75.56	113.32	121.29	37.62	21.3	11.69	34.19	23.38	21.54
Gamir	2	Control	12	Q. suber	65.84	52.32	89.23	178.96	160.18	229.445	78.38	73.27	116.6	269.39	204.97	220.151	26.16	0	19.44	13.63	28.08	48.715	14.36	11.17	13.48	29.29	18.7	16.529	166.58	113.5	204.75	29.68	61.14	51.995	38.85	8.3	7.9	9.92	8.02	4.238	17.94	67.57	26.58	10.54	55.92	52.585	10.43	13.54	1.59	24.68	19.36	21.55	184.52	181.07	231.33	40.22	117.06	104.58	49.28	21.84	9.49	34.6	27.39	25.79
Gamir	2	Control	13	Q. suber	33.46	51.92	71.56	254.63	204.67	221.486	85.64	46.4	139.79	266.03	202.24	211.318	7.53	0	10.9	42.76	15.12	31.076	12.44	7.18	14.44	54	28.23	22.459	155.45	96.88	208.17	42.82	58.03	50.261	32.16	9.63	12.98	7.76	7.95	5.866	15.16	60.89	25.6	23.75	37.72	90.213	2.62	12.4	2.44	21.75	18.85	11.984	170.61	157.77	233.78	66.58	95.76	140.47	34.78	22.03	15.42	29.51	26.8	17.85
Gamir	3	Drought	15	Q. canariensis	33.22	101.3	107.1	195.4	147.35	171.127	80	57.34	130.63	269.28	127.94	121.864	5.58	50.4	17.43	48.83	25.42	29.117	4.03	6.9	3.52	33.58	22.31	2.624	146.71	93.29	148.06	54.44	62.4	40.763	37.65	11.06	18.78	10.45	12.75	4.927	28.65	50.91	9.6	20.98	31.44	26.719	6.18	21.53	7.11	25.38	45.85	12.664	175.36	144.2	157.66	75.43	93.84	67.48	43.83	32.59	25.89	35.83	58.6	17.59
Gamir	3	Drought	17	Q. suber	39.03	54.31	85.94	218.11	152.1	237.743	75.5	92.4	65.95	294.2	159.48	97.655	11.04	0	9.63	17.47	11.33	27.371	2.78	9.73	3.57	49.24	11.73	4.612	160.52	76.41	170.05	39.53	63.22	53.252	46.42	12.57	15.22	9.88	11.08	4.926	21.74	51.47	19.01	18.8	36.45	38.917	11.65	27.15	5.01	21.77	38.63	13.837	182.26	127.88	189.06	58.33	99.67	92.17	58.07	39.72	20.22	31.66	49.72	18.76
Gamir	3	Drought	18	Q. canariensis	32.7	54.88	61.09	218.46	123.64	137.706	77	62.52	182.7	249.93	113.1	177.029	2.51	11.9	14.78	21.77	7.89	16.722	7.46	4.45	10.44	27.79	4.36	1.964	166.57	90.52	125.28	58.95	38.8	54.79	42.03	11.86	17.82	8.62	11.63	5.018	20.62	53.18	20.01	42.41	39.22	28.919	14	24.9	4.01	26.4	22.76	14.466	187.19	143.71	145.29	101.36	78.03	83.71	56.03	36.77	21.83	35.02	34.39	19.48
Gamir	3	Drought	19	Q. canariensis	42.43	44.31	107.91	146.51	169.29	97.685	79.18	67.08	71.59	289.6	155.78	215.339	13.71	7.86	16.34	40.27	23.87	16.947	14.16	5.49	0	6.24	9.48	3.591	167.95	102.6	141.95	41.06	51.51	56.626	41.81	15.52	18.5	10.51	13.44	8.008	24.85	51.05	13.83	25.77	33.47	82.244	7.97	29.55	7.36	30.74	21.35	12.84	192.8	153.65	155.78	66.83	84.98	138.87	49.78	45.07	25.86	41.24	34.79	20.85
Gamir	3	Drought	20	Q. suber	83.89	61.45	135.04	199.68	171.17	162.514	97.69	48.26	77.07	294.4	203.71	192.896	50.85	0	44.77	64.12	30.81	64.447	8.14	4.09	3.2	43.81	16.3	14.906	168.15	100.04	193.83	74.72	67.35	45.131	39.02	9.25	19.6	9.1	10.67	5.415	24.98	68.41	14.47	18.9	41.86	59.096	7.55	17.86	9.82	18.91	52.99	11.654	193.13	168.46	208.3	93.62	109.21	104.23	46.57	27.11	29.42	28	63.65	17.07
Gamir	3	Drought	21	Q. suber	80.88	104.9	95.33			131.265	119.25	65.27	151.94	306.44	242.31	174.626	38.43	8.39	18.2			16.837	39.17	15.98	6.78	38.6	23.51	3.676	149.62	89.5	184.13			62.449	44.4	8.28	14.65	10.71	10.93	5.499	20.44	64.93	9.33			24.9	4.48	19.72	4.16	25.31	24.85	13.174	170.05	154.43	193.47			87.35	48.88	28.01	18.81	36.02	35.78	18.67
Gamir	4	Drought	23	Q. suber	56.9	57.2	83.89	236.9	241.45		76.61	73.99	123.18	283.16	171.67	190.767	19.95	0	17.72	53.11	34.66		8.98	10.56	12.06	44.77	31.09	10.239	191.13	122.51	174.25	68.66	61.22		33.66	10	10.62	14.15	7.75	8.875	29.47	83.49	18.27	24.35	34.43		7.79	17	3.9	25.48	35.28	17.495	220.6	206.01	192.52	93.01	95.65		41.45	27.01	14.52	39.63	43.03	26.37
Gamir	4	Drought	26	Q. canariensis	54.79	108.01	198.6	248.71	228.61	153.983	78.56	73.66	105.33	289.37	211.38	211.938	32.18	59.85	59.51	51.84	44.97	51.587	17.2	7.56	4.33	26.38	43.72	5.069	108.55	105.83	110.36	59.03	48.81	79.486	33.96	14.03	14.02	15.09	11.03	12.436	18.77	50.51	17.86	20.12	29.25	38.637	4.88	13.97	5.26	26.79	18.02	17.787	127.32	156.34	128.22	79.14	78.06	118.12	38.84	28.01	19.28	41.88	29.05	30.22
Gamir	4	Drought	27	Q. suber	78.14	53.11	159.05	305.52	261.55	198.148	92.02	76.07	138.4	293.2	181.81	247.265	25.74	0	34.99	63.23	43.55	30.142	13.01	3.52	0.7	38.33	9.97	14.878	177.42	115.16	173.89	65.07	70.25	82.017	37.44	13.89	16.01	13.71	12.42	10.657	27.32	85.99	29.36	25.4	44.38	47.824	6.67	14.42	4.7	29.26	30.05	14.502	204.74	201.15	203.25	90.47	114.63	129.84	44.11	28.31	20.71	42.97	42.47	25.16
Gamir	4	Drought	30	Q. canariensis	67.36	85.26	128.14	231.33		189.164	113.49	96.52	128.5	224.16	272.57	253.146	28.59	56.97	44.59	75.61		52.232	3.69	2.28	5.77	18.23	8.38	4.001	150.47	105.57	128.67	68.08		85.055	53.09	14.1	18.03	19.13	11.36	12.053	39.96	55.33	21.21	22.58		24.123	9.32	16.5	3.83	29.59	53.95	27.668	190.43	160.89	149.88	90.66		109.18	62.41	30.6	21.87	48.73	65.3	39.72
Gamir	4	Drought	31	Q. suber	66.83	70.83	134.83	204.42	221.84	195.206	83.78	82.55	92.05	249.97	216.38	218.978	26.83	0	38.4	26.68	37.92	25.724	24.01	15.88	3.41	12.87	18.08	17.344	185.59	126.93	145.75	9.31	54.27	66.936	39.69	14.12	15.56	13.65	11.94	13.176	23.24	64.56	23.2	0.25	47.1	51.328	8.09	18.14	4.24	28.97	28.1	15.287	208.83	191.49	168.94	9.56	101.37	118.26	47.78	32.27	19.8	42.62	40.04	28.46
Gamir	4	Drought	32	Q. canariensis	39.92	78.62	161.34	263.18	229.2	208.664	83.73	76.27	109.84	254.9	179.76	187.651	18.88	45.46	65.68	81.83	45.9	64.026	21.03	5.58	0	27.21	14.18	7.43	122.52	104.76	114.71	94	54.72	68.406	32.65	11.38	15.74	23.24	10.3	14.086	29.57	66.26	14.27	35.32	56.14	27.305	7.38	21.71	4.34	36.61	35.26	31.727	152.09	171.01	128.98	129.31	110.87	95.71	40.03	33.09	20.08	59.85	45.56	45.81
Gamir	5	Control	36	Q. canariensis	33.95	78.11	76	283.21	241.17	219.025	69.22	75.52	112.49	275.22	231.74	213.516	21.35	48.14	32.89	114.88	64.21	81.072	16.19	15.37	7.05	7.78	29.36	7.175	118.53	106.52	91.27	77.06	52.17	69.634	34.32	10.48	15.49	18	8.92	11.017	25.43	46.02	10.31	25.07	47.08	46.733	12.62	18.11	4	24.93	32.18	18.413	143.97	152.54	101.58	102.13	99.25	116.37	46.94	28.59	19.49	42.93	41.1	29.43
Gamir	5	Control	40	Q. canariensis	59.18	139.51	170.39	232.2	229.13	249.157	96.7	96.47	181.66	300.27	145.26	301.874	24.44	51.45	48.49	53.3	36.51	63.968	10.92	8.25	8.44	24.1	26.7	7.879	131.58	95.59	132.74	48.71	39.21	66.191	33.69	16.11	14.56	14.14	6.3	7.32	29.11	92.75	12.75	14.37	35.89	48.835	7	15.82	3.7	30.09	36.83	24.852	160.69	188.34	145.48	63.08	75.1	115.03	40.69	31.92	18.27	44.23	43.13	32.17
Gamir	5	Control	41	Q. suber	59.45	125.44	159.88	279.7	303.89	191.865	102.03	78.41	148.35	290.3	229.96	243.868	41.02	0	48.73	67.24	58.91	43.344	9.84	10.21	9.16	14.71	34.2	5.66	135.88	97.15	134.43	52.26	58.41	78.849	47.57	8.62	11.6	13.18	10.58	9.791	22.15	83.5	22.97	19.8	44.73	22.811	4.94	13.5	3.36	23.04	36.87	19.644	158.02	180.65	157.4	72.06	103.14	101.66	52.51	22.13	14.97	36.23	47.45	29.43
Gamir	5	Control	42	Q. suber	65.5	103.86	121.99	302.63	270.62	189.317	79.37	62.09	132.29	224.45	185.69	216.799	22.11	1.83	28.6	60.05	48.03	48.828	26.92	6.84	2.49	12.54	14.13	5.724	128.07	105.38	117.76	86.9	49.65	63.816	30.15	10.7	13.6	8.26	10.78	9.258	19.64	72.99	24.04	35.15	43.8	31.218	7.53	15.04	3.11	24.62	31.27	18.498	147.72	178.37	141.8	122.05	93.44	95.03	37.68	25.74	16.71	32.88	42.05	27.76
Gamir	5	Control	43	Q. suber	80.42	59.76	132.24	259.03	262.14	215.275	89.45	85.65	159.51	285.54	195.21	192.238	36.68	0	45.48	47.05	51.65	24.899	7.19	4.22	5.06	24.62	20.63	5.98	180.57	110.75	192.19	54.11	68.82	72.442	40.53	11.61	15.09	12.26	9.26	8.703	27.35	84.77	14.47	19.52	42.45	36.168	5.02	14.08	2.87	21	38.87	19.38	207.92	195.52	206.66	73.64	111.27	108.61	45.55	25.7	17.96	33.26	48.13	28.08
Gamir	5	Control	44	Q. canariensis	101.68	97.2	180.08	294.2	251.95	282.089	53.43	86.92	87.92	260.35	130.13	213.141	38.16	60.73	51.08	52.42	65.73	106.21	4.15	3.8	2.61	24.04	11.33	4.848	123.99	111.59	148.2	52.39	49.5	55.491	32.67	13.83	12.18	15.24	11	10.139	21.63	59.82	25.27	20.21	46.02	42.49	8.54	19.26	3	31.6	22.15	29.402	145.63	171.42	173.47	72.6	95.52	97.98	41.2	33.08	15.17	46.84	33.15	39.54
Gamir	6	Drought	47	Q. canariensis	85.65	79.09	173.08	310.08	253.85	186.028	105.7	79.37	153.95	229.26	149.35	217.015	33.18	25.98	46.43	116.56	43.65	52.284	15.29	4.81	10.24	10.83	9.23	4.863	138.79	121.89	179.96	81.89	52.86	56.717	40.13	11.81	9.83	17.64	10.22	7.27	30.92	69.09	75.73	44.31	48.66	37.751	5.59	17.16	4.05	24.82	29.92	29.641	169.71	190.98	255.69	126.2	101.52	94.47	45.71	28.97	13.89	42.46	40.14	36.91
Gamir	6	Drought	49	Q. suber	57.49	27.5	96.74	267.94	251.63	135.461	90.28	60.39	124.57	295.45	235.42	228.122	15.69	0	15.83	27.98	24.06	15.779	17.57	4.48	10.64	54.53	29.94	4.736	121.43	98.65	132.33	54.46	64.78	65.661	28.4	9.34	10.55	14.95	8.86	10.683	19.34	61.77	19.94	20.88	46.84	35.752	6.2	18.36	5.83	39.13	25.19	36.071	140.77	160.42	152.27	75.34	111.62	101.41	34.59	27.7	16.38	54.08	34.05	46.75
Gamir	6	Drought	50	Q. canariensis	39.72	52.15	102.75	265.31	252.33	101.697	109.84	74.33	158.75	279.61	241.13	219.088	17.37	15.81	29.48	81.32	65.44	25.548	16.26	8.54	10.81	18.97	36.15	5.732	124.34	145.6	111.76	72.97	49.36	70.741	35.7	8.58	11.85	11.7	8.66	8.18	24.67	63.91	22.55	29.76	46.05	83.071	7.03	14.84	3.09	26.26	36.02	21.167	149.02	209.51	134.31	102.73	95.42	153.81	42.73	23.42	14.94	37.96	44.68	29.35
Gamir	6	Drought	52	Q. canariensis	54.36	85.9	97.75	229.06	224.65	240.873	80.9	90.36	90.85	248.42	182.04	207.282	29.9	37.02	38.12	69.43	79.38	77.682	9.49	4.52	7.76	9.67	15.5	7.295	119.31	135.02	104.85	49.95	59.28	62.932	32.22	18.2	13.87	9.83	8.49	9.143	43	105.45	10.94	21.87	45.54	39.364	7.73	19.92	2.55	36.11	60.81	21.532	162.31	240.46	115.79	71.81	104.82	102.3	39.96	38.12	16.42	45.94	69.31	30.68
Gamir	6	Drought	54	Q. suber	78.81	73.69	142.81	291.09	200.39	318.55	78.7	78.69	187.39	224.38	221.76	208.976	36.56	6.13	52.33	85.32	31.01	120.241	8.58	10.74	12.8	16.55	21.55	7.589	136.09	137.56	103.08	47.63	56.39	42.816	40.83	14.27	9.69	11.4	9.61	9.88	26.74	101.76	25.81	18.19	46.58	52.432	7.94	16.93	3.03	25.17	51.83	25.52	162.83	239.32	128.89	65.82	102.97	95.25	48.77	31.2	12.72	36.57	61.44	35.4
Gamir	6	Drought	55	Q. suber	87.9	67.31	85.93	235.72	214.87	169.402	71.72	76.72	101.97	309.42	211.63	270.608	36	0	21.79	60.41	47.5	43.454	27.85	17.12	9.46	59.65	34.92	21.307	168.15	122.11	160	83.32	58.42	48.402	31.93	12.41	10.31	9.48	8.95	10.771	27.6	71.8	21.8	24.62	44.34	75.36	7.45	14.2	1.87	22.94	36.34	20.637	195.75	193.91	181.8	107.94	102.77	123.76	39.38	26.61	12.18	32.42	45.29	31.41
